MEME version 4.9.1

ALPHABET= ACGT

strands: +

MOTIF gaaGAagAag_6UP_FC2_1e_3UTR_zoops
letter-probability matrix: alength= 4 w= 10 nsites= 51 E= 6.0e-004
0.470588 0.019608 0.509804 0.000000 
0.843137 0.000000 0.156863 0.000000 
0.686275 0.000000 0.156863 0.156863 
0.000000 0.000000 0.960784 0.039216 
1.000000 0.000000 0.000000 0.000000 
0.823529 0.000000 0.000000 0.176471 
0.000000 0.137255 0.862745 0.000000 
1.000000 0.000000 0.000000 0.000000 
0.843137 0.000000 0.000000 0.156863 
0.333333 0.000000 0.666667 0.000000