>Tneg_vf_2_50809:L17_S449
>Tneg_vf_3_68942:L8_S486
>Tneg_vf_3_74733:L25_S436
>Tneg_vf_5_150653:L16_S465
>TnoChange_vf_1_89543:L8_S561
>TnoChange_vf_1_154478:L8_S429
>TnoChange_vf_1_157245:L13_S598
>TnoChange_vf_1_164408:L13_S477
>TnoChange_vf_1_195745:L20_S500
>TnoChange_vf_1_34294:L27_S779
>TnoChange_ef_1_44657:L34_S537
>TnoChange_vf_1_119922:L43_S502
>TnoChange_vf_2_101762:L14_S583
>TnoChange_vf_2_19545:L14_S610
>TnoChange_ef_2_46317:L101_S425
>TnoChange_vf_3_87598:L54_S448
>TnoChange_vf_3_98091:L12_S518
>TnoChange_vf_3_137448:L14_S516
>TnoChange_vf_3_137456:L23_S470
>TnoChange_vf_4_76779:L12_S494
>TnoChange_vf_4_90564:L14_S581
>TnoChange_vf_4_39215:L63_S433
>TnoChange_vf_4_45115:L12_S481
>TnoChange_vf_5_42590:L10_S873
>TnoChange_vf_5_73398:L17_S483
>Tpos_vf_2_3460:L10_S510
>Tpos_vf_3_56570:L17_S489
> f   27
9 
8 17 
5 8 11 
9 0 17 8 
9 0 17 8 0 
4 7 12 3 7 7 
4 5 12 5 5 5 4 
5 12 9 8 12 12 7 7 
10 19 8 11 19 19 14 14 7 
19 26 21 18 26 26 21 21 18 25 
26 35 22 27 35 35 30 30 23 16 29 
5 6 11 6 6 6 5 1 6 13 20 29 
7 6 13 2 6 6 5 3 6 13 20 29 4 
84 93 76 85 93 93 88 88 81 74 71 74 87 87 
37 46 29 38 46 46 41 41 34 27 40 27 40 40 75 
5 4 13 4 4 4 3 1 8 15 22 31 2 2 89 42 
3 6 11 2 6 6 1 3 6 13 20 29 4 4 87 40 2 
14 15 22 15 15 15 14 10 17 22 23 36 11 13 78 39 11 13 
7 4 13 8 4 4 7 3 8 15 22 31 2 6 89 42 4 6 13 
7 6 13 2 6 6 5 3 6 13 20 29 4 0 87 40 2 4 13 6 
46 55 42 47 55 55 50 50 47 46 39 50 49 49 82 53 51 49 40 51 49 
7 4 13 8 4 4 7 3 8 15 22 31 2 6 89 42 4 6 13 0 6 51 
7 2 15 6 2 2 5 3 10 17 24 33 4 4 91 44 2 4 13 2 4 53 2 
4 9 10 5 9 9 4 4 5 10 21 26 3 7 84 37 5 3 14 5 7 48 5 7 
7 2 15 6 2 2 5 3 10 17 24 33 4 4 91 44 2 4 13 2 4 53 2 0 7 
0 9 8 5 9 9 4 4 5 10 19 26 5 7 84 37 5 3 14 7 7 46 7 7 4 7 

