>Tneg_vf_1_142694:L20_S169
>Tneg_ef_1_172405:L22_S110
>Tneg_vf_1_193113:L30_S212
>Tneg_vf_1_193127:L82_S190
>Tneg_ef_1_30601:L70_S142
>Tneg_vf_1_30607:L53_S170
>Tneg_vf_1_30609:L24_S186
>Tneg_ef_1_30613:L43_S100
>Tneg_ef_1_30615:L62_S177
>Tneg_vf_1_33531:L26_S189
>Tneg_ef_1_33532:L92_S116
>Tneg_vf_1_39450:L37_S178
>Tneg_ef_1_39451:L233_S390
>Tneg_vf_1_39453:L23_S226
>Tneg_vf_1_39454:L133_S157
>Tneg_vf_1_39455:L71_S252
>Tneg_vf_1_39457:L60_S287
>Tneg_vf_1_39458:L71_S285
>Tneg_ef_1_39458:L40_S106
>Tneg_vf_1_39460:L62_S309
>Tneg_vf_1_42484:L21_S181
>Tneg_vf_1_49127:L61_S201
>Tneg_ef_1_49127:L60_S135
>Tneg_ef_1_58820:L36_S176
>Tneg_vf_1_63107:L23_S234
>Tneg_vf_1_82624:L37_S337
>Tneg_vf_1_105704:L132_S193
>Tneg_vf_1_105705:L44_S234
>Tneg_vf_1_118030:L34_S247
>Tneg_vf_1_118033:L52_S208
>Tneg_vf_2_79200:L44_S169
>Tneg_vf_2_41263:L21_S206
>Tneg_vf_2_50810:L26_S276
>Tneg_ef_2_52525:L65_S134
>Tneg_ef_2_70955:L39_S117
>Tneg_vf_2_70956:L43_S170
>Tneg_vf_2_77509:L118_S182
>Tneg_ef_2_77509:L116_S300
>Tneg_vf_3_134622:L22_S203
>Tneg_ef_3_147310:L25_S103
>Tneg_vf_3_58608:L20_S198
>Tneg_vf_3_58617:L21_S223
>Tneg_vf_3_58620:L110_S186
>Tneg_vf_3_58625:L20_S159
>Tneg_vf_3_68928:L41_S158
>Tneg_vf_3_74727:L26_S292
>Tneg_vf_3_74733:L25_S436
>Tneg_vf_3_74735:L25_S154
>Tneg_vf_3_79986:L75_S180
>Tneg_ef_3_80755:L60_S162
>Tneg_ef_4_24830:L71_S165
>Tneg_ef_4_24831:L34_S120
>Tneg_vf_4_86704:L20_S221
>Tneg_vf_4_113595:L27_S162
>Tneg_ef_4_113603:L49_S105
>Tneg_vf_4_113799:L53_S165
>Tneg_vf_4_115651:L31_S192
>Tneg_vf_4_115659:L25_S201
>Tneg_vf_4_13605:L26_S174
>Tneg_vf_4_13609:L47_S278
>Tneg_ef_4_13618:L44_S188
>Tneg_ef_4_14073:L84_S133
>Tneg_ef_4_14091:L20_S330
>Tneg_vf_4_14060:L26_S190
>Tneg_ef_4_23323:L22_S114
>Tneg_vf_4_27779:L179_S194
>Tneg_vf_4_27784:L86_S154
>Tneg_vf_5_124312:L32_S151
>Tneg_vf_5_117498:L38_S171
>Tneg_vf_5_141138:L41_S187
>Tneg_ef_5_141144:L58_S182
>Tneg_vf_5_150658:L54_S199
>Tneg_ef_5_29524:L85_S112
>Tneg_vf_5_38131:L32_S188
>Tneg_vf_5_66168:L145_S167
> f   75
18 
24 16 
62 60 60 
50 52 40 52 
33 31 35 49 63 
8 18 26 58 54 29 
31 25 37 45 39 30 31 
46 40 40 44 36 45 46 27 
8 20 30 56 54 27 6 33 48 
72 70 62 44 56 59 68 57 46 70 
27 23 13 65 45 38 29 38 45 33 63 
213 211 203 169 167 180 209 190 173 207 149 200 
11 17 27 59 53 30 9 32 47 9 69 30 210 
117 115 103 95 75 112 113 98 81 111 91 96 148 114 
51 53 41 71 47 52 49 44 49 51 59 46 170 52 94 
40 38 46 38 70 25 36 35 54 34 66 47 173 37 121 57 
51 53 41 73 57 56 47 40 35 51 59 48 162 50 92 38 59 
24 20 24 46 62 29 28 39 50 26 56 29 193 25 111 57 36 49 
42 48 32 56 44 37 42 33 46 40 64 41 183 43 101 63 38 43 42 
13 13 23 61 53 32 9 26 41 13 71 28 212 8 112 50 39 50 25 41 
49 43 31 55 31 56 43 30 37 45 57 38 176 44 82 38 61 48 49 39 48 
40 46 46 46 62 31 40 29 38 38 50 51 181 41 109 51 40 41 42 46 41 45 
20 22 24 60 44 35 24 27 34 22 68 27 197 21 101 43 40 39 28 38 23 39 40 
13 21 25 59 57 30 9 40 55 7 69 30 210 8 110 50 37 48 19 43 14 46 39 29 
17 23 35 51 55 20 17 30 49 15 63 36 196 18 116 50 27 42 25 29 16 58 29 25 20 
112 110 102 98 76 89 108 97 86 106 82 99 139 109 109 73 88 89 106 104 111 83 98 96 109 95 
24 28 38 50 56 15 22 35 50 22 62 31 189 21 115 45 24 55 26 42 23 53 34 32 23 23 90 
26 14 14 56 50 33 20 33 44 24 62 23 199 19 107 51 42 45 20 40 15 39 46 26 21 27 106 32 
32 30 34 54 58 19 30 27 42 32 56 35 181 29 103 45 36 49 28 42 31 45 40 36 29 33 94 22 26 
24 30 38 54 58 13 20 35 52 20 60 39 189 23 117 49 28 51 30 34 23 57 26 30 21 15 92 18 34 26 
5 13 25 61 51 32 9 30 41 7 71 28 212 10 112 54 39 50 19 41 8 50 39 19 14 16 111 23 21 35 23 
26 12 8 58 44 39 26 33 36 28 66 15 207 25 107 45 42 45 24 38 21 35 42 26 27 31 106 34 18 38 38 21 
45 47 47 37 45 44 45 30 33 45 43 48 168 46 92 52 45 46 35 45 44 42 43 37 50 36 95 49 37 45 47 44 45 
27 19 25 59 51 34 27 28 43 29 61 24 194 24 102 52 39 48 25 35 24 42 45 27 30 30 103 31 27 35 35 26 23 42 
27 21 33 47 51 30 27 20 29 29 49 32 190 30 100 52 31 44 31 35 24 42 27 25 36 30 89 31 25 23 39 22 29 36 26 
98 96 88 76 84 71 94 77 70 92 68 91 157 95 111 79 66 65 78 62 97 69 64 86 95 81 110 76 86 72 76 97 92 69 79 83 
96 94 86 76 82 69 92 77 76 90 80 91 167 93 119 73 68 71 80 58 95 73 64 88 93 79 110 76 86 76 72 95 90 75 77 81 50 
10 14 28 60 54 31 12 29 44 12 70 27 211 5 111 53 38 49 20 40 7 47 44 22 11 17 110 22 18 30 22 7 24 43 23 25 96 94 
21 11 17 61 57 34 21 22 41 23 67 24 208 18 112 52 39 50 25 45 14 42 37 21 24 20 109 27 17 35 27 16 13 44 22 22 93 91 17 
14 16 24 62 56 33 10 35 50 14 72 29 213 9 113 51 40 51 20 46 9 49 42 30 7 25 112 24 20 32 24 17 22 53 25 31 98 96 10 19 
7 21 25 61 53 32 3 34 49 5 71 28 212 6 112 50 39 50 27 41 10 46 39 23 8 16 111 23 19 33 23 8 27 44 30 30 97 95 11 20 11 
90 92 80 74 48 85 88 75 60 88 68 73 143 91 85 71 84 65 86 72 89 73 74 78 87 81 88 90 84 74 84 89 84 69 79 83 82 92 92 89 90 89 
4 18 24 62 50 33 6 31 46 8 72 27 213 9 115 51 40 51 28 42 9 45 40 24 11 21 112 24 24 32 24 9 24 49 27 27 98 96 14 19 10 7 90 
21 27 21 65 41 38 25 30 39 23 71 26 192 26 100 40 41 38 33 47 28 40 43 15 30 22 91 35 27 35 29 20 27 40 34 30 85 85 27 28 31 24 73 25 
10 18 26 56 54 27 10 33 48 8 66 29 207 7 109 51 34 45 18 36 11 45 40 24 7 17 106 20 22 30 18 7 26 43 27 29 92 90 6 23 10 9 88 12 25 
13 25 27 57 53 28 11 38 53 11 67 34 208 10 112 50 35 52 25 43 12 48 35 29 8 18 107 19 27 27 19 16 25 50 32 34 93 91 13 24 9 10 85 11 30 11 
21 23 9 65 49 44 23 42 45 27 67 18 208 24 108 46 51 46 23 39 20 36 51 25 20 36 107 35 17 43 35 22 13 54 24 34 93 91 23 24 17 22 85 21 24 23 20 
55 53 55 39 51 38 51 38 39 51 49 50 166 52 94 64 39 64 39 51 54 48 45 55 52 38 97 53 51 43 43 54 57 26 56 40 67 77 53 54 55 54 75 55 54 49 50 54 
50 38 42 46 38 47 50 21 26 50 46 43 175 49 85 47 48 49 50 48 43 35 46 40 57 51 90 52 44 40 56 49 38 31 41 29 74 76 46 39 52 51 72 48 43 50 55 51 39 
59 49 53 45 29 58 59 36 29 61 39 56 164 60 76 60 63 58 59 57 54 42 55 43 68 58 81 63 49 55 63 54 51 38 56 44 63 71 57 50 63 62 59 59 48 61 66 62 48 31 
14 20 32 48 56 25 22 21 40 20 62 33 199 23 103 57 26 53 22 32 21 47 30 22 27 13 98 26 24 26 22 13 28 35 23 21 84 82 20 17 28 19 76 18 23 20 25 35 43 42 49 
4 18 24 62 54 33 6 31 46 6 72 27 213 7 113 53 40 51 24 42 9 45 42 20 9 17 112 26 22 34 24 5 26 45 27 27 98 96 10 19 14 5 90 8 21 8 13 21 55 50 59 18 
15 9 23 55 51 26 17 24 41 17 65 24 206 10 114 56 33 48 21 41 12 50 41 17 16 18 105 19 17 25 25 10 19 40 18 20 91 89 5 14 15 16 91 19 24 11 18 26 48 41 52 15 15 
29 31 37 43 49 28 29 18 31 27 55 44 184 32 106 48 29 50 33 33 34 40 29 25 30 24 93 33 31 27 33 28 39 26 34 22 75 77 31 32 37 28 81 33 32 27 36 44 34 31 42 19 31 26 
33 31 33 55 41 38 37 30 37 35 65 30 186 34 96 44 45 44 37 47 36 40 37 25 38 38 95 35 33 33 39 32 31 38 40 30 87 89 35 34 39 36 69 33 28 33 38 36 44 35 42 27 37 30 32 
11 23 33 51 51 26 11 36 51 13 69 36 202 12 116 46 31 42 29 37 12 52 33 29 14 8 101 21 25 27 17 12 31 44 30 32 87 85 11 26 19 12 87 13 26 13 12 30 46 53 64 21 11 16 30 34 
5 13 25 57 49 28 11 30 41 11 69 32 208 14 112 52 35 46 21 37 12 52 37 19 18 14 107 21 21 35 19 4 21 42 26 24 93 91 11 16 17 12 85 7 18 11 18 26 50 51 54 11 9 12 26 28 10 
10 12 24 56 52 27 10 25 40 12 66 27 207 15 111 53 34 45 18 36 13 51 36 18 19 15 106 24 16 34 18 5 20 41 21 23 92 90 12 11 20 13 84 10 19 12 21 27 49 46 53 12 10 9 23 31 15 5 
27 25 25 51 45 34 29 24 39 31 55 24 186 32 98 44 39 40 23 39 30 44 37 27 32 34 93 33 19 27 35 26 31 30 30 20 83 85 29 26 29 30 71 27 24 31 32 30 38 37 42 25 31 28 26 24 28 24 27 
24 30 36 40 54 19 28 23 38 26 60 39 189 27 107 55 26 55 32 32 29 45 32 20 25 19 92 28 30 24 24 23 34 33 33 19 78 74 26 23 28 27 80 24 29 26 29 35 41 36 47 16 26 23 13 29 23 19 18 23 
64 62 66 40 50 41 60 41 46 58 52 67 161 61 93 65 40 73 56 52 63 63 52 56 61 47 92 54 60 44 44 63 66 35 61 49 68 76 62 63 64 63 82 64 59 58 59 75 35 44 39 50 64 57 35 53 55 59 58 45 44 
12 14 22 62 58 33 8 29 42 10 72 27 213 11 117 53 42 55 30 46 11 45 48 22 13 21 112 26 22 32 28 13 22 49 27 31 98 96 14 17 12 11 94 8 27 12 15 19 59 48 55 26 8 19 31 37 17 15 14 31 26 64 
10 16 28 56 56 27 12 29 44 12 66 27 207 9 107 53 34 45 16 36 9 51 42 22 11 15 106 20 20 30 20 5 24 39 23 25 92 90 4 19 14 11 90 14 23 6 17 25 49 46 57 16 10 7 27 35 13 7 8 29 26 58 18 
14 12 18 60 56 31 14 27 42 18 70 25 211 13 115 55 38 55 24 46 9 47 40 24 17 23 110 26 16 34 28 13 14 47 23 25 96 94 12 7 14 17 92 14 29 18 17 21 53 42 53 22 14 17 33 37 19 15 14 29 28 62 14 14 
159 157 149 107 121 128 155 138 127 153 115 142 154 156 112 134 123 124 139 123 158 130 127 147 156 142 129 135 145 127 135 158 153 124 140 136 111 111 157 154 159 158 121 159 146 153 154 154 118 127 114 145 159 152 130 140 148 154 153 132 135 113 159 153 157 
66 64 68 40 48 51 62 51 48 64 46 65 157 63 81 77 50 75 58 58 65 59 62 64 67 57 88 58 58 58 62 65 68 35 63 51 66 78 64 63 66 65 72 66 65 60 65 73 37 46 31 56 66 59 49 57 57 61 60 55 50 42 66 60 64 111 
12 18 30 50 56 21 20 23 42 18 60 31 201 21 105 57 28 51 20 30 19 49 28 20 25 11 100 24 22 28 20 11 26 33 23 23 86 84 18 15 26 19 78 16 21 18 25 33 43 44 51 6 16 13 17 29 19 9 10 27 12 52 24 14 22 147 54 
18 24 36 44 56 21 24 21 40 22 62 37 195 27 107 57 22 53 26 24 25 47 26 22 29 13 94 30 28 26 22 17 32 31 29 21 80 78 24 21 28 21 78 22 27 24 27 39 37 42 49 8 22 19 15 27 21 15 16 25 12 46 30 20 28 141 48 6 
33 27 19 59 43 44 27 34 39 31 57 24 192 28 94 32 51 38 33 47 30 24 31 23 28 40 95 41 27 41 43 34 15 42 34 28 83 83 31 22 29 26 79 31 26 31 32 24 52 43 48 27 29 34 40 32 34 36 31 30 35 65 31 31 27 138 65 29 29 
42 36 36 48 38 33 40 23 32 44 50 35 179 43 91 45 48 49 34 46 37 37 34 34 43 47 98 42 36 40 42 43 34 33 37 31 72 70 40 33 38 41 62 38 37 40 41 41 33 32 37 40 46 39 33 31 47 45 40 25 34 50 42 42 38 125 46 42 40 29 
34 32 32 40 54 33 32 37 38 30 54 37 179 33 103 47 32 41 26 36 33 47 34 28 31 27 100 30 28 34 32 33 32 33 35 33 80 84 32 33 34 33 84 34 31 32 33 29 39 46 57 24 34 27 25 33 25 29 28 31 26 50 34 28 36 137 54 22 20 33 38 
65 63 67 35 49 46 61 50 41 59 45 60 160 62 90 62 49 64 57 51 64 54 65 59 62 48 95 51 55 47 49 64 71 36 60 50 73 77 63 62 65 64 75 65 58 59 60 68 36 41 34 51 65 58 40 52 54 60 59 46 47 41 65 59 63 114 41 53 47 68 51 45 
20 14 28 50 56 21 22 23 38 22 60 23 201 15 109 55 28 49 16 38 15 49 36 20 21 19 100 16 18 20 24 15 24 35 17 15 86 84 10 15 20 21 86 24 29 16 23 31 43 36 51 10 20 5 21 29 21 17 14 23 18 52 24 10 14 147 54 8 14 29 34 26 53 
125 123 115 101 79 118 121 110 97 119 101 108 140 122 52 96 123 98 113 119 124 90 121 109 122 110 111 119 111 113 117 124 119 98 118 112 115 123 123 124 125 124 99 125 104 121 122 120 106 95 86 115 125 118 108 96 114 120 119 98 113 103 125 119 127 100 93 117 115 106 95 111 102 113 

